0 0
0 0
-4.75416666666667 47.4266884522347
0 0
1.55833333333333 3.42351169956278
0 0
0.966666666666667 19.3072203777985
0 0
0 0
0 0
0 0
0 0
0 0
0 0
0 0
0 0
0 0
0 0
0 0
0 0
0 0
0 0
-24.3125 90.6119493560799
0 0
0 0
0 0
0 0
0 0
0 0
0 0
2.72083333333333 9.19802958554846
0 0
0 0
0 0
0 0
0 0
-70.7958333333333 548.904778672505
0 0
0 0
-1.89583333333333 38.5226334510711
0 0
0 0
0 0
0 0
0 0
0 0
0 0
0 0
0 0
0 0
0 0
0 0
0 0
0 0
-33.8083333333333 201.668471296835
0 0
0 0
0 0
0 0
0 0
0 0
0 0
0 0
0 0
0 0
0 0
0 0
0 0
0 0
0 0
0 0
0 0
0 0
-81.6125 279.909481502017
0 0
0 0
0 0
-6.6 51.7931030448317
0 0
1.4875 12.0878864119394
0 0
0 0
0 0
0 0
0 0
-50.775 230.951568488823
0 0
0 0
0 0
0 0
0 0
0 0
0 0
0 0
0 0
0 0
0 0
0 0
0 0
0 0
0 0
0 0
0 0
0 0
0 0
0 0
0 0
-127.0625 888.724039661102
0 0
0 0
0 0
0 0
0 0
-15.2166666666667 100.363246813852
0 0
0 0
0 0
0 0
0 0
0 0
0 0
0 0
1.4125 8.97466506175642
0 0
0 0
-353.104166666667 2079.48159817234
0 0
0 0
-3.67083333333333 21.8175197184892
0 0
-7.7875 69.1947757992462
0 0
0 0
0 0
0 0
0 0
0 0
0 0
-107.858333333333 962.45663529619
-746.066666666667 3573.97567438
0 0
0 0
-49.0958333333333 299.134307416885
0 0
0 0
0 0
0 0
0 0
0 0
-15.3416666666667 87.7677608611669
-300.05 2299.63708197329
0 0
0 0
-10.7916666666667 71.8846584075171
0 0
0 0
0 0
0 0
0 0
0 0
0 0
0 0
0 0
0 0
0 0
0 0
0 0
0 0
0 0
0 0
0 0
0 0
0 0
0 0
0 0
0 0
0 0
0 0
0 0
0 0
0 0
0 0
0 0
0 0
0 0
0 0
0 0
0 0
0.8125 10.9595228074658
0 0
0 0
0 0
0 0
-0.0625 23.5103522555473
0 0
0 0
0 0
0 0
0 0
0 0
-1111.29166666667 5224.12412293325
0 0
0 0
0 0
0 0
0 0
0 0
-25.5458333333333 112.923855113505
0 0
-78.7875 270.853124231303
0 0
0 0
0 0
0 0
0 0
0 0
0 0
3.09583333333333 7.86518088999592
0 0
0 0
0 0
0 0
0 0
0 0
0 0
0 0
0 0
0 0
-20.825 209.183355838443
0 0
0 0
0 0
0 0
0 0
0 0
0 0
0 0
0 0
0 0
0 0
0 0
0 0
0 0
-2.47916666666667 40.3980143590772
0 0
0 0
2.90833333333333 7.7535208180999
0 0
0 0
0 0
0 0
0 0
0 0
0 0
0 0
0 0
0 0
0 0
0 0
0 0
0 0
0 0
0 0
0 0
0 0
3.74583333333333 5.06423005805351
0 0
1.73333333333333 12.7572988925896
0 0
0 0
0 0
0 0
-5.26666666666667 56.3779435986029
0 0
1.67916666666667 13.6786636886369
0 0
0 0
0 0
0 0
0 0
0 0
3.37083333333333 10.5952535029696
0 0
4.50833333333333 2.83875107588721
0 0
0 0
0 0
0 0
0 0
0 0
-22.8416666666667 113.798434138056
-7.925 47.7841489973138
0 0
2.54583333333333 6.52240933784689
0 0
0 0
0 0
0 0
0 0
0 0
0 0
0 0
0 0
0 0
0 0
1.73333333333333 14.2739094481662
-99.1125 839.78150167433
-205.333333333333 1143.13900459283
0 0
0 0
0 0
0 0
-2.64583333333333 15.7327172671503
-5.875 42.0186375264785
0 0
0 0
0 0
0 0
0 0
0 0
0 0
0 0
0 0
0 0
0 0
0 0
0 0
0 0
0.7 16.4301997685709
-151.366666666667 1082.27418960187
0 0
0 0
0 0
0 0
0 0
0 0
0 0
-33.5958333333333 256.003299827005
0 0
-2.39166666666667 47.4017452556079
0 0
0 0
0 0
0 0
0 0
-6.125 65.1109208072517
0 0
-311.2 2377.93875474935
0 0
0 0
0 0
-1.12083333333333 29.5949995658498
0 0
0 0
0 0
-9.60416666666667 105.494004188886
0 0
0 0
0 0
0 0
-22.3833333333333 186.683975836253
0 0
0 0
-1.1125 51.0272698649896
2.79583333333333 10.7191214265072
0 0
-5.4375 60.1711319077742
0 0
0 0
0 0
0 0
0 0
0 0
2.54583333333333 2.79381851536427
0 0
0 0
0 0
0 0
0 0
0 0
0 0
0 0
0 0
0 0
0 0
0 0
0 0
0 0
0 0
0 0
0 0
0 0
0 0
0 0
-123.304166666667 860.461151041222
0 0
0 0
0 0
0 0
0 0
0 0
0 0
