1 0
3 0
186.18759948739 79.1838244097609
1 0
87.516389604822 35.9306826371765
1 0
80.2137874758462 31.3103064696127
1 0
1 0
2 0
1 0
1 0
1 0
1 0
1 0
1 0
2 0
1 0
2 0
1 0
1 0
2 0
73.4130312319206 36.8018680234573
2 0
4 0
1 0
1 0
2 0
1 0
2 0
223.843137192675 32.1139891748786
1 0
1 0
1 0
2 0
2 0
1369.76506914499 693.540695528868
1 0
4 0
259.246647455961 76.4955556976462
1 0
2 0
1 0
1 0
1 0
3 0
1 0
1 0
1 0
1 0
1 0
1 0
1 0
4 0
455.899535841412 211.110406793158
1 0
1 0
1 0
1 0
2 0
1 0
1 0
1 0
4 0
2 0
4 0
3 0
1 0
2 0
1 0
2 0
1 0
1 0
395.938532355024 195.23175725736
4 0
4 0
2 0
161.468451083051 75.489939868116
1 0
173.769877471133 57.1353105194322
1 0
1 0
1 0
1 0
1 0
529.607943208664 268.770026266665
1 0
4 0
2 0
2 0
1 0
4 0
1 0
1 0
1 0
1 0
1 0
4 0
1 0
1 0
1 0
2 0
1 0
2 0
2 0
1 0
1 0
3158.90139201676 1290.68537002032
1 0
4 0
1 0
2 0
4 0
289.293852967654 145.862524600397
4 0
1 0
2 0
1 0
1 0
1 0
2 0
1 0
44.6910022094105 11.0475950614451
1 0
1 0
2644.73601522145 1433.66361107687
2 0
2 0
40.549571686019 20.2296028486438
1 0
817.863095336758 147.689698279691
1 0
1 0
1 0
2 0
1 0
1 0
4 0
4220.39455650266 2164.54203029544
9100.9814792901 4654.06422246612
4 0
2 0
860.470537638386 305.927505149981
1 0
1 0
4 0
2 0
1 0
3 0
94.9769816657058 50.8307386012396
4331.64821709379 2094.97105395772
4 0
2 0
164.999984666805 79.327498277693
1 0
1 0
4 0
1 0
3 0
1 0
1 0
1 0
3 0
1 0
1 0
1 0
2 0
1 0
4 0
2 0
1 0
4 0
4 0
4 0
4 0
1 0
1 0
2 0
1 0
1 0
1 0
2 0
1 0
1 0
1 0
4 0
1 0
1 0
92.6602854420336 33.9291248887742
1 0
4 0
1 0
2 0
519.571325130836 59.0890780937197
1 0
1 0
4 0
1 0
2 0
1 0
5618.11584857276 3038.70644290137
4 0
1 0
1 0
1 0
1 0
2 0
232.36769925857 115.193763480387
2 0
416.441218589563 201.430198737323
1 0
1 0
3 0
1 0
1 0
4 0
2 0
123.589426973147 36.3835169036353
1 0
1 0
4 0
1 0
1 0
2 0
1 0
3 0
3 0
2 0
2267.43956635263 476.314579343038
1 0
1 0
2 0
2 0
1 0
2 0
1 0
4 0
1 0
4 0
1 0
1 0
1 0
1 0
135.229573440694 40.2744367420633
4 0
1 0
290.683837922699 33.537540783809
1 0
1 0
1 0
1 0
1 0
3 0
2 0
1 0
4 0
1 0
4 0
1 0
2 0
1 0
1 0
4 0
1 0
2 0
32.8066874542229 4.00039257602204
1 0
656.787125637141 70.7875130519598
3 0
2 0
3 0
1 0
172.172885937319 79.8416733154928
1 0
851.116237637624 116.0477381789
1 0
1 0
1 0
2 0
2 0
1 0
1341.2893342598 386.959701677689
1 0
458.782120440402 161.55321404685
1 0
1 0
1 0
1 0
1 0
1 0
225.997108375504 113.689984828067
151.988971003436 67.9884828794948
2 0
100.481922015695 13.7447094320336
1 0
1 0
1 0
1 0
1 0
3 0
2 0
1 0
1 0
2 0
1 0
716.861453990955 116.653366154582
2868.16857427208 1530.43998942579
1816.42842759717 726.000057303242
1 0
4 0
1 0
1 0
16.5449891626001 8.68299746459989
33.4839463526702 15.232135574065
1 0
1 0
1 0
4 0
1 0
1 0
1 0
1 0
1 0
4 0
1 0
1 0
1 0
1 0
848.736796262938 119.606968346264
1954.87597065746 819.240711645874
1 0
3 0
2 0
2 0
1 0
2 0
1 0
863.643822295918 443.641761274114
1 0
979.219333853956 160.696910144249
1 0
3 0
1 0
1 0
2 0
146.769818592549 29.4256749296141
1 0
5156.46690981803 2853.23976280731
1 0
1 0
1 0
609.203423600979 144.656969767566
1 0
1 0
1 0
1135.45304736172 358.727156450891
3 0
1 0
2 0
4 0
2046.47508184368 409.653038608115
2 0
1 0
290.801639727969 103.755429419232
279.369646959857 64.8061430353739
1 0
228.897312347001 71.6162739698082
2 0
2 0
1 0
1 0
1 0
1 0
3154.87482915229 1793.56309269643
2 0
4 0
1 0
1 0
3 0
1 0
3 0
1 0
2 0
2 0
1 0
2 0
1 0
2 0
1 0
1 0
1 0
4 0
1 0
2 0
2090.27138012447 1059.83759176766
1 0
1 0
1 0
1 0
1 0
1 0
1 0
