1.04999999999998
3
240.5
3
80
1
120.5
1
1
10
2
1
1
1
1
1
3.04999999999998
2
1
3.04999999999998
2
2
350
4
4
1
2.04999999999998
2.04999999999998
2
2
210
2
1
4.04999999999998
2.09999999999997
2
1703.5
1
5
400
2.04999999999998
3
1.04999999999998
1
1
3
3
2
1
1
1
1
1
7
1020.5
1
1
1
2
1
4
1
1
5
2
4.04999999999998
1
2
5
1
1.34999999999988
1
1
1000
4.04999999999998
3
1
260.5
2.04999999999998
170
1
1
1
3.04999999999998
1
1000
1.04999999999998
6
3.09999999999997
3
2
5
1.04999999999998
1
1
4
181
3
1.04999999999998
2
2
4
1
6
3
1.04999999999998
2
6105
1
5
1
1
6
550
5
1.04999999999998
5
3.14999999999995
1
1
2.04999999999998
1
40
1
2
1512
3
2.04999999999998
70.4999999999998
3
840.5
1
2
1.04999999999998
1
1
4
5
7468
17876.5
5.04999999999998
1
780.5
1
2.04999999999998
4
1
3.04999999999998
5
10.05
910.5
6
131
270.5
1
1
7
1.04999999999998
4
3524.99999999999
1500
3.04999999999998
8.09999999999997
4.09999999999997
2
1
2.04999999999998
1
4
2
2
4.04999999999998
5.04999999999998
4
4
2
1
3.04999999999998
2
1
1.04999999999998
2.04999999999998
2
1.04999999999998
2
5
2
1
80
1
5
1
3
530
2
1
4.04999999999998
3
5.04999999999998
3
7520
5
1
1
2
1
6.09999999999997
510.5
3.04999999999998
1004.35
1
1.04999999999998
2
2
10.4999999999998
5
5
130
1
3
5
2
1
1
1
2.04999999999998
3.04999999999998
20
2386.5
2
3
2
4.04999999999998
213.1
2
1
4
1
4
1
1
3
2
140
3
1000
290
3
2
1
1
1.04999999999998
5
2
1
6.04999999999998
1
6
1
2
4
2.04999999999998
6
0
5.04999999999998
40
2
660.5
2
1.04999999999998
5
1
200
2
850
2
3.04999999999998
2.04999999999998
2
2.04999999999998
1
1340
1.04999999999998
370.5
400
1
1.44999999999985
1
1
1
452.499999999999
220
1
100
1
1
2
1
2
0
1
4
1
2
1
721
4367.49999999999
1180.5
1
5
2
2
20
20.4999999999998
1
2
1
2
2
2
0.0499999999999829
1.04999999999998
1
5
2.04999999999998
3
1
1
830
1480
2
3
3
33.4999999999988
4
2
1
1500.5
1
971
2
8
2
1
1
140
1
1094.49999999999
1
2.09999999999997
1
610
1
5
1
1230.5
4
1
2
5.04999999999998
2201
1
1
362.499999999999
330.5
1
210.5
1
21.2499999999996
1
2.04999999999998
1
1.04999999999998
40
1
4
1
1
3
3
2
1
2
1
2
2
1
1
2
1
4
5
1
10
3252.99999999999
3
1
1
2
2
2
3.04999999999998
